0000001001100100010001011100000
1001000000000000100000000001000
0000000000100001000000000010000
0000100101000000000010010000010
1000000010001000000100000000111
1111100000000101000011001100100
0000001010010010011010010110000
0100101000000000000001100001100
0011000000100001000000001000111
0001000010100001010010000001001
0000000000000000001000001000001
1010001000100001000000000000101
0100010000010001100000000100000
0001000010000000010010000100111
1000110000011010100000000000101
0111000000001010100000000010000
0001000000000000011100000101001
0111101001000010000010000000001
0101000000001010000010000010000
0100000001000000000000000011011
0001010010001110000010000100110
0001000011001000000000000110001
1000100000000000011111100010110
0000000001000000001010001001100
0000011100101000001101010000001
0010100010100101011001000001010
0010000001010000100010000000000
0010001000001010001100000100000
0110000000000011110000000011000
0000100000000000010100000000000
0000011110000000001011000011100
1001001010000000000000010100000
0001010000000010000000001000000
0000001010100010000010000100000
0000000010100011111001001000000
0000010100001000010000000000011
0100010000000001000000011000000
0101100110000001000000000000000
0001000001000000010101000000000
0000000001001000100010101100001
0100000011000010010000000001000
0000100000100000000100000000011
0000001000000000001100000000000
0000010000000000000011101000010
0000000010010001001001001001010
0100000101101001001010000010000
0001000010001010000011010001001
1001000000100101110000000000010
0110001101000000001010000001010
0001010010100000001001110001100
1000000010100001000000000010000
0100000100101010010010000000010
0100010000001010001011000001011
0001111110010100001000000000110
1010000000000000000000000010000
0010011000100010100110000000100
0110010000000110000001101001000
1010000110000000100100000000000
0010001000000000000100100000000
0000000010100000000010001001001
0100011100000000000000011000100
0000000000010000010000100001110
1001000011001000000000000000011
0001010010011000000100001100001
0001011000100001001000010000000
1000110011010000000001000100001
0110000000011101000000000010000
0010010010001011001010000001000
0000000110010000111011000001001
1000010001010000010011100001100
0100000001000000000100001010010
0000000001000000010100000001000
0000000000100011001000100001011
0010000000010000000100000000000
1000010000011000000100001010001
0000001000001000010000010010000
0100001100010001100000000000000
0010000100000010001000010001000
1000011100011001010000110000001
0010000000100000000010010000001
0001000101100000001000011001000
0010100010110010010010001010001
0100000000011100001000010000010
0101101001100100000000000100001
0000110010011010000000100001001
0000100100000000011001000000101
0000000000101010000110100000011
0110001000011100010000000000100
1001000001001010101001000000101
0000001000010000001101000000101
0001000001000000010000100000001
0101000000000000000010000000000
0000001001001000000000000000110
1100000010001011110000101010000
0001001100000000000010000100000
0010010100010000000000000000001
0110101001101110000010010000000
0010001010001000000100100000000
0111000000000011000111001100100
1010001000000001000000011000000
0011000100000000100001100011000
0000000101100000101011001001100
0000000010000000000001000011000
0001010100100000000010100000001
0010011011000101100010000100010
0000011010001100000000000011000
0100010111000010000000100010001
0000000111111101000010000010100
0000001000000010000000000001100
0000010000000000010000001000001
0000000010000101101000000000000
0100000000100000001101010000100
1000001001111010000000000000000
0000010000000000000000000000011
0100000100110100110000000010101
1000110000100110000000000000000
0000001101110000000000100000100
0100000000100010000000000000011
0010000000000111000000000100000
0000100000110000100100101010000
0000100000001011000101111010000
1000000001000000000000101100000
0010000001100000100100010000000
0010000001110001011000000100100
1001001000000000000100101110000
0001100000000010011000100101000
0010111001011010000000010010000
0000001001110100000000100000000
0100001010010000010010010000000
1000001101100010001110101001010
0100001001000000000100100001110
0000001101111000100001000000001
1100100000000100100110001000000
1000000000100000000010001001010
0000000000100000000000000000001
1110000100001000010000001110001
1000011000000001001110100100000
0100000010000010100000000010010
0001000000011000001000000000111
0000000000000010000000010000011
0000101001000001110100001100000
0000000001001101000010100000000
0001000010000000101010010100001
0000000000010001000000000010100
1000000000000000001100000000111
1111001010010001000001110000000
0010100000011010000000100000000
0000000110000000010010000010010
0001001000000100101000000011100
1000010001100101010100000000010
0000100001000010100100000000001
0001110000000010101110000001100
0000000000000000100000101000110
0010010111000000000001000111010
0000000000000000000000000100101
1000100100110111000001101101000
0001000000000000000000101000010
0000001001101000000010000000100
0110000101000000000000000010000
0100010010101000011000010000000
0110000001000001000000000010000
0010000000000010011000000000100
0000101000000000001000000000011
0000101010000000000010100000000
0000001000001001000011000011000
0000000000001100011000000101011
1010000010010000100100010100010
0100011100100100000001000000010
0000010010110000010000100010000
1100000100110000000110010101001
0000101000000110000100000100111
0100010100000010110001001100000
0100010001000000110010010001010
0100000000010000110001110001100
1110000010000001111000001010000
0000010011011000000000000000010
0100000000000000000100010011010
0000100001001000000010000010000
0110000100100100000111010010010
1010000000100000110001000001000
1010000000010101110001000010000
0100000100000110100010010000000
0011101000000000000100011011100
0000010000010010011000000000000
0101001010011001000010001100000
0100000000000100100000001000101
1010101000001100001000000000000
0001000000000000000001010000001
0000011000000000000010001010000
0110000001010000100000000001010
0101100000001100010001000001010
1000101000000001000000110000101
1000011000010000100010010010101
0000001000000000010001000001001
1001000010000100110100101000100
0000001001010000100000101001001
0001010001110000000010100000011
0010000000000000000000000000000
0001010011000110001000100000011
0001011110000001000000000100001
0100010100011000010000001010000
0100000110011010000000000000000
0100000000000000010000000000000
0000001000001000100110011000000
0001001100000001000000010010101
0000001100000100100000100010101
0000000011000000001010000000011
0100001000001110010000000100010
1000100001000000000100000001000
0001100100000000111110100000000
1110010000101001000101111000000
0010000000000101000000000000010
1000000101000010101000010110000
0101010000000000000100001000100
0000001000001010001001110100100
0000010010000000000001000100011
0010000001110010000000010100000
1001100000010101010000000000010
1001000110110000010000100100000
0001101000000000010100001000100
0101010100101000100000010000000
0000100000011101000000000000000
0000000001000100001000101000010
1101000000000100011000000000000
0000000010000000000101000100000
0010000000010000100000001000000
1001000000000000000100100011010
1000000001000001101001000010001
0011000010000101000000000001100
0000101000000000100100000100100
0000000110000101010000111010000
0000001000010100010010000000001
0000011001000010100000010101000
1011001101000000010010001101011
0000000010100100011010100100000
1001000000100000010001010010000
0000010000001010000110000110000
0000101100011001000000000011010
0100001000000010000000001000000
0100000001010001000000000000000
0000101100000001011001011001000
1001000000010000010010000000000
0010110000000100001010011001000
0100000100011010100100010000000
0000000100000000010000001010000
1011000001100000001000010000000
1101010000000001100100000100001
0000101010100001001001100000001
1000100000000000101000000000000
0001000101001001100000000000000
0000001000000010000000001001010
1000001101000010001001000000000
1000100111011001110001100000100
1000010101000101000000000010000
0000000000000000101000010000011
1011000000000000001111000001011
0000000000000000100000100000000
1000100100000010000010000001000
0000000001100000000000100010001
1010000100011000001000001001001
0000010001100110000000000000100
0000111010000000100000000010001
0010000000100000010010001010000
1010000100000010110000101101000
0101000100000001010001011001000
0000000000100000010000010000000
0000000010001000001000110001010
0000011000010110010000000010110
0000000000110000010010000000010
0100001001000000010110000000000
0100100100010001000000001011000
0100010110000000100010000000010
0000010000100000000000001001000
0001000011000100010000011000000
1011111000000000110001000001000
0000001000000010000100000100100
0010000000000000010100100100000
0000100000000000000000100010000
1110100110100001000101000000101
0011000000101000000001010001100
0000010001000100101001001100100
0110001000000100010001101000100
0000000111010000000000011011000
0101100101011100000001001100010
0010000100000001001100000010000
0100001010010010101000010001000
0000000000110000100001010000000
0000010000000101001110101110000
0101000010110010100100000101010
0000100000101010000000000001000
0111000010001100000011001110010
0001010010000010001000011001000
0101000010000000000100011000001
1000001100010000000010100110010
0000000100001010000000000100010
0000000001001010111000000000110
0000000000000000001010000100001
0000100001010010000000111011011
0000100010000000000000000010000
0001001111100000001010011011000
1101000010000000000000001001000
0000100000000001000000000001010
0011010110100101000010000000000
0000010000100001101000010000101
0000000100110000011100010000101
0100000001001010100000000000100
0100000000000110101100001010000
0000101000010101000000110000000
0000000001100000010100000111000
0000000010100010110000010110110
1101001101000000000100001000000
0101010000100000000001010000100
0000111000000000101010000000000
1001000011000001000000000000000
1011000010100010000010000001010
0000000000001011000000001000000
0000010100000110011000000000000
0110000000000100000001000000100
0001100110000001000001001000011
0110110001000000000000000001100
1000010100000000100100001001101
0000110011000000100001110101001
0000010000100100100011000100010
